# Topology used in the work "DeepRMSA: A Deep Reinforcement Learning Framework for Routing, Modulation and Spectrum Assignment in Elastic Optical Networks", DOI: 11.1109/jlt.2019.2923615
20
39
1 2 503
1 5 1574
2 4 1053
3 4 777
3 5 463
4 5 341
4 6 261
4 9 641
4 10 557
5 6 328
5 7 494
5 14 1165
5 15 1059
6 7 209
6 8 233
6 10 641
7 8 371
7 12 973
7 13 904
7 15 648
9 10 305
9 11 681
9 12 876
9 15 1168
9 17 529
10 12 676
11 17 517
11 19 2551
12 15 354
12 16 312
13 14 485
13 18 522
14 18 417
15 16 666
15 18 810
15 20 1608
16 17 269
17 19 1081
18 20 1227